10006	262
10019	6914
10024	6087
10025	192
10034	399
10048	129
1007	184
10076	113
10077	940
10080	25655
10082	10085
10089	544
10100	4290
10104	682
10108	490
10109	19833
10127	181
10187	87
10188	109
10194	105
10195	472
10219	179
10237	267
10248	245
10255	26374
10284	1991
10319	112
10321	2475
10349	633
10350	531
10354	965
10368	203
10391	321
10404	241
10415	66
10428	44194
10429	38311
1046	32954
10462	242
1048	812
10493	1610
10522	1337
1054	134
10540	135
10555	119
10561	10709
10572	92
10576	2657
10578	79
10589	98
1059	94
10595	163
1061	1786
10659	406
10662	18192
10663	121
10670	149
10676	348
10686	7138
10692	1304
10712	18791
10721	12551
10733	4933
10734	41116
10735	90
10743	516
10747	32360
10750	3024
10757	2728
1076	1017
10762	323
10774	60933
10777	369
1078	316
10780	82
10781	295
10792	1707
10800	929
10810	1375
10826	110
10835	41261
10836	3483
10843	80
10845	227
10846	6583
10851	7762
10870	147
10889	32609
10900	220
10903	5342
1091	78
1092	7139
10921	38681
10926	3917
10939	411
10943	190
10947	92029
10959	812
10978	148
10992	205
1100	6893
11003	205
11007	306
11009	87
11011	107
11021	166
11025	6104
11027	108
11034	2324
1104	16120
11041	145
11048	154
11054	51
11056	543
11076	1210
11080	16861
11086	236
11088	2230
11098	253
111	26136
11107	953
11124	1849
11133	125
11158	1463
11159	162
11177	247
11182	65773
11197	1027
11213	11669
1122	192
1123	18196
11232	61
11235	74
11236	9092
11237	3099
11238	241
11240	740
11245	1899
11253	307
11259	2080
11261	1326
11284	378
11286	4501
11288	173
11292	9664
11294	217
11295	2618
11307	7697
11312	113
11316	140
11317	3177
11319	145
11330	269
11339	182
1134	4806
11340	6698
11344	6
11347	9790
11348	640
11352	1441
11376	22352
11380	162
11391	2629
11395	115
1140	8299
11408	341
11412	1625
11418	164
11436	157
11442	9217
1146	671
11463	818
11493	77
11496	9364
11505	162
11510	307
11511	252
11513	213
11536	66
11563	2099
11567	1775
11613	30374
11614	7040
11616	522
11631	207
11637	1094
11638	34113
11651	15635
11657	127
1167	949
11673	32547
11686	67
11688	4892
11689	197
11690	5281
11723	210
11732	10159
11757	196
11766	140
11775	13058
11786	732
11806	1225
11812	62600
11824	331
11829	17685
11835	218
11837	60440
11838	42
11839	1231
11851	5822
11866	133
11867	151
1188	153
11884	3835
11887	7846
11888	56650
1190	355
11902	739
11908	4324
1192	99
11923	199
11951	139
11952	577
11965	2714
11966	91
12010	802
1202	78892
12046	184
1205	106
12059	304
12100	3752
12117	69
12123	145
12125	3803
1213	1892
12133	275
12156	233
12159	919
12170	549
12178	1002
12180	1890
12184	31149
12189	322
12199	51
122	4148
12202	196
12230	758
12232	67508
12243	30080
12246	30858
12273	2127
12275	13012
12276	303
12280	55532
12284	75
12291	817
12292	13538
12293	92377
12298	7075
123	293
12336	13228
12348	353
12355	53060
12372	760
12386	146
12391	8332
12396	399
12413	1301
12419	104
12421	542
12422	151
12423	2824
12432	3009
12452	1032
12455	155
12472	560
12482	4681
12488	1403
12496	250
12497	48877
12503	2105
12504	456
12510	114
1252	1747
12538	7942
12544	291
1256	16432
12589	206
1260	3989
12604	624
12606	112
12607	1384
12623	2491
12627	2288
12634	331
12639	18433
12653	628
12661	28999
12679	4066
1268	53
12682	9362
12683	1816
12695	269
127	4678
12700	184
12705	243
12709	361
12733	146
12755	308
12757	685
12760	2237
12775	296
12778	64735
12780	181
12793	1343
12795	7970
12798	9595
12812	1473
12822	1453
12824	3586
12847	204
12852	1320
12855	1748
12863	230
12864	118
12875	6693
12887	67
1289	28761
12894	16753
12912	467
12920	359
12936	85
12946	1967
12948	2048
12952	76
12957	311
12969	73
12977	457
12993	844
13015	60615
13022	275
13032	90
13046	2602
1305	28943
13055	2201
13059	2597
13099	280
13107	14948
13110	410
1313	501
13137	268
13145	154
13150	60
13154	749
13186	2114
13188	178
13199	1086
13212	1735
13215	345
13218	108
13235	897
13242	2132
13262	129
13270	10726
13288	3439
13289	110
13298	54051
13299	57
13305	103
13326	9031
13328	5874
1333	380
13334	853
13339	530
13360	193
13363	149
13377	1076
13387	277
1340	116
1343	168
13431	56
13432	234
13438	352
13451	26699
13456	199
13461	437
13464	90
13477	10450
13485	2131
13489	3477
13507	267
13519	18597
13531	70
1356	394
13561	4597
13563	375
13565	7248
13569	2496
13587	994
13589	74
13590	87
13601	1119
13604	1758
13606	141
13608	708
13614	76473
13632	250
13633	2328
13636	66147
13638	2505
13651	75145
13664	107
1367	32712
13674	1757
13677	324
13680	190
13682	93
13686	560
13744	622
13748	52106
13758	279
13760	272
13769	79
13783	611
13787	32998
13802	345
13817	146
13823	248
13828	100
13831	411
13835	4062
13838	1445
13853	12640
13858	1212
13861	126
13877	718
13878	1903
1388	92
13887	30515
13899	358
13905	511
13909	848
13911	86
13912	1278
13927	11871
13934	9051
13936	332
13938	1057
13964	10002
13965	651
13989	180
140	98
14013	5771
14046	74
1406	67686
1407	320
14070	1434
14072	15052
14075	1953
14077	128
14079	239
14086	6193
14088	5569
14089	216
14096	6894
14099	93
14100	61
14136	187
14137	19498
14144	26910
14154	10502
14169	1362
14171	579
14177	4659
14185	63796
14189	568
14198	43380
14199	8788
14203	43102
14209	50641
14216	5372
14231	229
14234	973
14244	526
14248	11982
1425	31199
14255	105
14258	2937
14272	3760
14279	120
14282	217
14283	14714
14290	139
14292	390
1430	166
14314	243
14317	23530
1432	3194
14320	14853
14324	81
14329	246
14335	7937
14347	182
14354	169
14361	1011
14372	2335
14380	170
14386	154
14392	403
14407	36570
14429	466
14430	3822
1444	216
14440	88
14442	158
14457	32117
14459	52668
14462	144
14469	102
14470	212
14484	55723
14492	862
14496	2471
145	422
14503	513
14505	7651
14506	2477
14518	95
14537	803
1455	4075
14551	1034
14552	1431
14560	694
14575	132
14581	189
14594	126
14611	219
14625	86
1464	356
14643	2893
14645	362
14648	8980
14712	62961
14716	14142
14720	924
14722	295
14732	2273
14738	14456
14740	86
14743	68
14775	139
14793	373
14800	384
14807	1421
14808	2825
14810	1970
1482	12646
14826	303
14836	104
1484	565
14859	1574
1488	3343
14902	146
14904	3452
14930	489
14932	122
14941	759
14947	481
14957	135
14962	278
14983	8147
14995	150
1500	1486
15005	153
15020	110
15033	6051
15040	1657
15051	41
15060	163
15071	2115
15074	144
15083	114
15085	357
15115	429
15121	189
15122	1070
15135	69
15142	145
15150	865
15152	1826
15153	5028
15160	6538
15165	1234
15175	116
15183	13760
15192	167
15201	1388
15202	75
15213	370
15214	307
15216	1492
1522	111
15222	481
15223	14368
15228	285
1523	638
15234	28775
15246	26893
15251	695
15257	8063
15272	5600
15276	3668
15331	204
15338	235
15371	216
15378	6494
15391	93
154	160
15409	36294
15410	5271
15413	90
15428	749
15438	142
15449	17230
15464	2990
15469	516
15475	3757
15478	183
15480	170
15496	35714
15507	3616
15510	92
15515	2741
15516	2941
15527	202
15529	14240
15532	35360
15536	110
15539	2087
1554	175
15547	2145
15557	14187
15567	764
15568	8969
1557	394
15576	6931
15582	70400
1559	682
15592	4944
156	11396
15610	277
15629	215
15632	306
1564	1692
15648	178
15657	11683
15661	114
15662	32464
15670	203
15676	1314
15687	157
15691	311
15695	177
15707	1295
15712	23916
15714	307
15716	4094
15726	186
15731	188
15741	5576
15754	548
15763	164
15772	2572
15785	357
15808	6885
15809	109
15816	35538
15820	8562
15830	5487
15836	9848
15841	5627
15842	108
15855	3215
15911	1705
15915	271
15929	3260
15946	575
15951	115
15955	22791
15961	78
15962	4107
15981	448
15982	645
15992	820
15993	74
15998	672
1600	4458
16000	103
16001	169
16018	126
16021	204
16022	9248
16035	228
16042	214
16046	5278
16055	203
16066	422
16082	57932
1609	545
16091	134
16112	319
16120	134
16122	69
16127	607
16129	554
16131	121
16132	158
16135	422
16147	46130
1615	66618
16150	31865
16153	4119
16157	602
16162	2098
16169	35700
16188	237
16231	181
16232	6506
16243	186
16246	1114
16247	937
16252	795
16256	91
16262	25915
16277	148
16283	6658
16286	62623
1629	1024
16300	2516
16311	4018
16329	4980
16335	1203
16342	493
16344	14370
16349	6434
16396	786
16398	177
16408	61
16410	401
16422	159
1644	699
16444	5499
16451	121
16456	105
16467	192
16477	332
16488	166
16494	558
16506	1099
16540	630
16545	1311
16554	975
16555	980
16559	780
16563	647
16572	13807
16576	62
16589	2337
16599	383
16606	25792
16613	85
16627	170
16629	5241
16663	1051
16670	2974
1668	9859
16685	485
16689	444
16705	5117
16707	65911
16726	89
16731	4767
16733	4374
16741	1306
1675	162
16761	102
16762	157
16770	13450
16784	13307
16787	132
16788	32505
16790	11375
16797	2030
16820	137
16830	133
16849	227
16854	951
16869	14493
16889	8251
16902	398
16904	133
16906	172
16915	437
16916	177
16928	128
16931	11892
16933	258
16948	28732
16950	84
16955	335
16970	9330
16975	1816
16982	2922
16986	4983
16988	312
16993	1248
16996	99
16999	107
17020	2538
17056	542
17065	64
17068	95
17074	172
17082	674
17085	24801
17087	1088
17090	146
17104	10826
17107	1219
17124	57
17137	327
17174	24767
17182	1445
17196	4747
17202	133
17203	3187
17232	148
17255	50
17290	2829
17304	362
1731	291
17310	855
17324	62475
17326	170
17334	2571
17337	115
17338	9169
17344	391
17348	1736
17358	22290
17394	294
174	345
17411	12717
17423	6770
1744	76587
17447	757
17454	745
17466	1160
17515	397
17522	1732
17523	311
17534	104
17536	6099
17551	184
17554	1543
17556	830
17558	26869
17561	3080
1757	9268
17574	23363
17616	172
17624	7288
17626	221
17635	631
17640	282
17642	3494
17650	2376
17653	5504
17654	8078
17660	74
17689	64
17693	7272
17706	397
17725	6873
17728	183
17734	120
17741	3270
17742	681
1779	66
1803	29213
1807	1196
1825	567
1832	43327
1841	40
1845	3189
1848	3346
185	4813
1851	4351
1853	15247
1868	229
1884	16329
1889	990
1893	1526
1896	211
1898	249
1901	35771
1903	306
192	300
1924	96
1944	270
1951	112
1952	115
1958	126
1966	90
1967	825
1983	25210
1993	90
2014	382
2015	18308
2028	1057
2036	115
2039	414
2042	187
2043	15393
2053	501
2058	110
207	151
2079	183
2083	714
2103	5410
2104	11396
2106	430
2110	543
2116	1384
2130	3585
214	180
2147	235
2160	379
2168	1933
218	97
2193	313
2198	1364
2212	24351
222	97
2232	103
2235	4341
2243	2725
2251	11531
2284	18794
229	703
2290	57677
2298	110
2313	86
2316	3356
2342	51343
2343	82
2344	508
2352	7111
2355	203
2356	3796
2366	4989
237	606
2375	11558
2418	3904
2430	66505
2432	709
2438	156
2460	21790
2492	465
2503	2459
2504	158
2506	1362
2510	1993
2512	7225
2518	12140
2528	21424
2532	18152
2544	451
2552	710
2560	58
2562	128
2565	721
2569	285
259	691
2597	777
2601	7681
2604	62
2616	113
2621	543
2629	260
2640	15513
2642	198
2643	5978
2658	1522
2659	2200
2660	78936
2666	213
2667	132
267	1971
2675	22413
2678	306
2682	259
2707	121
2715	205
2718	72
2731	10628
2745	57
2749	2885
2755	26207
2756	1877
2757	27328
276	118
2773	760
2786	136
2789	1871
2794	1930
28	46039
2807	167
2808	2556
2818	188
2859	509
2861	5555
2866	28892
287	197
2886	699
2905	15247
2909	216
2913	66206
2918	191
2925	345
2928	1519
2931	1185
2939	1280
2954	8268
2955	22257
2969	92
2985	1307
2988	3793
2995	155
3022	256
3032	191
3033	279
3043	6576
3044	167
305	22151
3054	4552
3057	1254
3068	387
3069	90
3073	1043
3084	9515
3094	264
3107	2978
3135	12157
3143	1746
3147	8650
3149	519
3151	59351
3164	760
3165	50363
3170	2924
3176	541
318	106
3189	74
3192	11377
3196	2187
3200	974
3201	162
3220	4148
3229	2859
323	1084
3232	17545
3237	4106
3243	719
3253	20920
3257	129
3269	18520
3271	161
3274	29181
3281	360
3285	26159
3290	75045
3298	96
3301	2964
3316	1403
3326	22598
3329	174
3330	361
3351	190
3355	27795
3359	95
336	305
3418	39131
3440	159
3486	1000
3492	1051
3498	423
3538	54273
3541	43098
3546	1842
3559	1692
3568	607
3584	320
3586	80
3587	6345
359	7907
3590	10175
3598	407
361	24425
3613	1576
3638	53916
3647	173
3652	677
3655	434
3658	166
3670	31419
3685	3737
3702	613
3705	421
3706	275
3722	190
3727	262
3733	5078
3734	2627
3740	13662
3742	21083
3743	7129
3760	739
380	928
3824	32679
3848	183
3861	123
3862	12553
3874	179
3878	130
3881	1323
3889	1072
3890	15188
3891	101
3893	40954
3903	19415
3904	238
3914	967
3928	9736
3941	338
3943	1645
3944	1978
395	3846
3955	5813
3977	199
3978	1079
398	2580
3994	354
4002	217
4005	2567
4008	784
4023	136
4032	208
4042	2663
4049	7882
4061	382
4064	9131
4076	139
409	855
4095	369
4119	2690
4122	1359
4128	199
4129	859
4144	9874
4152	652
4160	601
417	3186
4189	1939
4190	113
4207	13475
4215	322
4218	345
4224	2071
4238	1255
4239	179
4257	1069
4264	309
4268	1656
4272	140
4283	2776
4299	3550
43	134
4329	133
4346	3888
4359	355
4385	1827
4394	1206
440	107
4405	6281
442	39217
4429	6561
443	25118
4432	82862
4439	510
4441	6906
4445	236
4468	2588
4485	6288
4496	12761
450	114
4513	191
4518	255
452	2759
4538	98
4544	135
4546	20634
4552	2585
4556	196
4563	2605
4566	270
4569	3188
4574	118
4586	16217
4613	443
4619	99
4627	11895
4637	140
4640	95216
4645	384
4647	613
4685	17980
4694	144
4737	162
4742	112
4750	91
4761	35423
4768	250
48	6032
481	319
4811	126
4837	82
4840	1280
4847	62122
4849	27765
4852	14554
4858	232
4868	709
4875	50
4876	19800
4880	53
4901	144
4902	5680
4918	1258
4921	142
4932	43855
4935	441
4943	8941
4952	286
4963	703
4966	1527
4981	2310
4986	142
5008	787
5025	36851
5026	1305
5027	218
5062	221
5069	45915
507	2733
5096	1620
5098	60
510	261
5123	367
5129	851
5131	621
5142	93
5143	721
5149	14345
5157	402
5159	248
5160	269
5175	832
518	4442
5206	2588
5220	10474
5225	129
5267	355
5272	1846
5284	341
5294	2107
5311	144
5326	15619
5327	30008
5336	2670
5337	142
5342	9366
5361	957
5364	109
5367	10712
5369	2928
5408	317
541	162
5425	3730
5426	963
543	1656
5465	230
5474	2266
5484	117
5485	792
5552	126
5556	989
5562	33296
5568	575
557	211
5577	6726
5604	2895
5607	27253
5623	1070
5640	1701
5641	162
5651	23077
5656	36623
566	1110
5699	3375
5700	8476
5716	1678
5727	44826
5729	79
5748	392
5760	42250
5766	583
577	5743
578	422
5785	129
5790	149
5799	4058
5813	911
5814	55133
5827	428
583	178
5835	210
5849	97
5877	2553
5883	571
5897	20070
5898	1931
5901	109
5911	149
5921	196
594	240
5941	1082
5943	6075
5945	2365
595	1565
5958	4723
5963	9298
5966	118
5970	17473
5979	242
6013	9764
6014	9812
606	1250
6066	4281
6069	97
6085	10798
6086	529
6093	2224
61	136
6103	436
6110	19191
6121	120
6131	1794
6136	198
6137	158
6140	78
6172	2714
6177	7099
6190	31927
6200	227
6208	143
6215	403
6220	3152
6226	2459
6228	2027
6230	1507
6234	6038
6250	439
6252	89
6257	159
626	620
6260	217
6276	125
6277	42
6281	28812
6285	1050
6287	90891
6289	170
6291	6881
6308	498
6315	7666
6318	2950
6334	4129
6336	38392
6338	384
634	2383
6347	39621
6354	98
6356	279
6358	286
636	26295
6363	95
638	8375
6389	1299
6390	144
6395	724
64	111
6400	1740
6405	157
6406	109
6408	80580
6417	324
6419	155
642	2298
6424	2710
6446	372
6448	1525
6466	236
6467	445
647	1353
6480	186
6481	331
6482	66942
6522	64
6523	22554
6529	5582
6536	153
6537	108
6541	3038
6543	581
655	1514
6550	494
6556	31482
6562	85
6566	1014
6567	725
6593	858
66	139
6611	1925
6619	1068
6629	265
6650	1244
666	449
6663	420
6666	13460
6668	159
6678	106
6680	200
669	80
6714	196
6737	303
6743	95
6748	1545
6756	10784
681	8988
6830	89
6839	145
6871	407
6872	9653
6885	120
6889	495
6892	724
6894	61
6901	483
6911	45130
6912	7023
6914	883
6917	3057
6919	947
6932	420
6939	451
6946	876
6965	1719
6971	103701
6975	88
6979	338
6985	826
6988	20515
6991	28
6998	61
7011	135
7016	95
7022	828
7030	50
7033	67
7061	264
7063	207
7067	40203
7068	58
7075	128
7077	1223
7084	191
7089	67
7109	224
7116	122
712	2127
7132	251
7136	231
7137	296
7145	33179
7147	2157
7148	2064
718	1948
7186	6586
7188	301
722	5996
723	20643
7236	126
7238	6363
7244	335
7247	1039
725	3528
7255	148
7257	8982
7262	2117
7273	1532
7283	238
7292	479
7299	404
7329	152
7334	682
7339	160
735	130
7382	316
7386	259
7387	1574
740	213
7400	1278
7406	25350
7408	190
7418	2085
7437	377
7442	2028
7445	7436
7458	104
7466	394
7476	197
7495	623
7503	246
7505	613
7511	69853
7512	369
7516	6650
7517	19574
7518	1131
7524	7400
7527	136
7537	1795
7544	25977
7551	337
7557	1701
7567	143
7569	6475
7571	2459
7577	4528
7587	1247
7607	10755
761	932
7625	829
7638	2229
7656	588
7681	588
7698	975
7721	468
7726	241
7736	3441
7747	145
7763	9150
7768	148
7770	320
7776	1530
779	369
7801	952
7802	80
7806	271
7812	4922
7822	139
7823	474
7838	100
7858	185
7868	1041
7899	22245
790	381
7901	99
7903	2360
7906	205
7916	139
7919	4993
7921	190
7923	456
7931	278
7939	1812
795	277
7950	108
7968	361
797	445
7973	3792
7991	27263
8	8649
8002	114
8005	143
8007	204
8008	426
8017	2364
8023	200
8029	1520
8039	4056
8051	10090
8052	915
8058	70
8072	2320
8085	853
8096	2586
8107	59856
8121	506
8128	1839
813	161
815	281
816	120
8162	4171
8163	8493
8166	3987
8182	53
8200	503
8206	185
8207	73
8220	108
8249	193
826	159
8260	99
8268	46
827	189
8307	1508
8315	1179
834	299
8341	242
8352	514
8354	7119
8365	295
8384	22901
8390	73
8392	993
8401	143
8422	129
8428	18278
8435	157
844	111
8448	1500
8452	589
8458	118
8488	449
849	2432
8491	156
8493	13324
8495	202
850	1782
851	34439
8512	36371
852	1113
8526	22121
8534	944
8537	296
855	558
8560	206
8561	413
8566	160
8582	241
8594	370
8596	94398
8628	136
865	260
8654	2081
8657	115
8661	145
8677	22592
8678	7761
8692	199
8697	407
8699	10270
8703	2193
8706	205
8718	133
8738	78
8766	202
8770	1515
878	108
8781	4825
8798	102
8804	178
8825	7035
8842	296
8849	4543
885	442
8851	47345
8867	8106
888	73
8889	1139
8896	297
8905	417
8915	81889
8919	1100
8920	1915
8921	109
8933	148
8951	818
8977	5310
8994	800
9025	742
9028	5502
9043	36274
9046	651
9059	1397
907	8979
9087	9430
909	656
9093	165
9107	105
911	887
9130	712
9131	18266
9152	4545
916	854
9167	60
9186	141
9187	407
9199	1125
92	207
9202	1232
923	156
9230	1014
9237	6619
9256	1930
9297	117
930	1334
9310	8109
9324	735
9337	2686
9343	976
9376	112
9401	83
9404	99
9410	4942
9421	2149
9422	829
9423	917
946	118
9481	47155
9482	1835
949	2474
9492	128
9517	6892
9518	14016
9528	39993
9530	80
9537	151
9550	4395
9551	463
9567	2866
9568	262
96	440
960	2039
9600	147
9602	125
9607	211
9612	133
9617	56348
9620	235
9629	779
9632	76
9640	232
9650	325
9672	2264
9681	20196
9689	50648
9691	406
9696	50
9697	95
9699	1312
9701	1378
9716	188
9717	10038
9719	176
9720	171
9728	88670
9730	120
9735	249
9744	240
9747	1823
9750	395
9752	1247
9767	104
9798	29584
9805	15812
9817	470
9819	1603
9824	1742
9831	1532
9843	431
9854	173
9855	533
9867	241
9875	1840
9885	104
9890	356
9897	228
992	12144
9920	371
9930	85
9945	291
9946	17397
9953	86
9967	273
9973	138
9989	316
9993	615
9997	2948
